Data	Iso Gantry	Iso Colimador	Iso Gantry e Colimador	Iso Mesa	G0C0T0	G90C0T0	G180C0T0	G0C270T0	G270C0T0	G0C90T0	G0C0T270	G0C0T90
2019-05-06	1.950	1.950	2.100	1.661	-0.642	-1.102	-0.965	-0.251	-0.653	-1.351	-1.465	-1.704
2019-05-08	1.232	1.232	1.416	1.201	-0.686	-1.102	0.366	-0.969	-0.379	-0.979	-1.326	-1.303
2019-07-15	1.272	1.272	1.660	1.089	-0.787	-0.800	0.629	-0.779	0.503	-1.030	-0.360	-0.920
2019-07-29	1.294	1.294	1.519	1.001	-0.583	-1.130	0.776	-0.547	0.742	-0.719	-0.406	-0.891
2019-08-07	1.157	1.157	1.545	0.895	-0.781	-0.662	0.432	-0.931	0.439	-1.161	-0.271	-0.890
2019-08-12	1.145	1.145	1.440	0.972	-0.465	-0.569	0.678	-0.611	0.382	-0.756	-0.551	-0.988
2019-08-14	1.225	1.225	1.469	0.900	-0.791	-1.373	0.429	-0.758	1.045	-0.997	-0.455	-0.889
2019-08-15	1.192	1.192	1.568	1.177	-0.454	-0.152	0.711	-0.627	0.224	-0.816	-0.912	-1.107
2019-08-16	1.135	1.135	1.325	1.253	-0.618	-0.545	0.508	-0.544	0.188	-0.813	-0.463	-1.173
2019-08-19	1.186	1.186	1.413	0.569	-0.474	-0.995	0.711	-0.446	0.942	-0.700	-0.257	-0.629
2019-08-20	1.082	1.082	1.521	1.477	-0.146	-0.975	0.938	-0.393	0.750	-0.578	-0.632	-1.231
2019-08-21	1.134	1.134	1.626	0.695	-0.624	-1.624	0.503	-0.829	1.186	-1.122	-0.866	-0.706
2019-08-22	1.207	1.207	1.506	0.705	-0.665	-0.517	0.489	-0.851	0.160	-1.004	-0.705	-0.852
2019-08-23	1.162	1.162	1.404	1.400	-0.433	-0.880	0.686	-0.516	0.607	-0.714	-0.700	-1.232
2019-08-26	1.163	1.163	1.518	0.743	-0.648	-0.904	0.482	-0.842	0.772	-1.032	-0.718	-0.848
2019-08-27	1.153	1.153	1.503	1.401	-0.441	-1.003	0.698	-0.596	0.626	-0.772	-0.922	-1.136
2019-09-02	1.027	1.027	1.440	0.918	-0.453	-0.556	0.559	-0.778	0.305	-0.876	-0.621	-0.959
2019-09-03	1.182	1.182	1.641	1.053	-0.632	-0.526	0.594	-0.780	0.111	-1.026	-0.749	-1.117
2019-09-04	1.070	1.070	1.624	1.035	-0.828	-0.657	0.566	-0.992	0.400	-1.125	-0.572	-1.050
2019-09-06	1.069	1.069	1.579	0.773	-0.868	-0.968	0.339	-1.227	0.650	-1.402	-0.765	-1.121
2019-09-09	1.127	1.127	1.545	1.372	-0.390	-0.353	0.734	-0.684	0.092	-0.784	-1.170	-1.166
2019-09-11	1.073	1.073	1.592	1.086	-0.440	-0.155	0.616	-0.869	-0.179	-0.976	-0.746	-1.110
2019-09-12	1.087	1.087	1.549	0.667	-0.698	-0.631	0.372	-1.034	0.452	-1.151	-0.468	-0.883
2019-09-13	1.430	1.430	1.630	0.723	-1.259	-0.945	0.297	0.000	-1.663	-1.862	-0.866	-0.747
2019-09-16	1.127	1.127	1.538	0.957	-0.556	-0.263	0.558	-0.975	-0.142	-0.838	-0.834	-0.995
2019-09-17	1.137	1.137	1.648	1.170	-0.599	-0.565	0.532	-0.909	0.283	-1.114	-0.927	-1.068
2019-09-18	1.240	1.240	1.706	1.355	-0.445	-0.826	0.749	-0.789	0.595	-0.933	-0.817	-1.247
2019-09-19	1.126	1.126	1.659	0.481	-1.079	-0.739	0.244	-1.470	-0.682	-1.631	-0.599	-0.918
2019-09-20	1.086	1.086	1.420	0.876	-0.773	0.449	0.343	-1.012	-0.524	-1.108	-0.790	-0.924
2019-09-23	1.079	1.079	1.665	1.099	-0.760	-0.383	0.318	-1.242	-0.127	-1.335	-1.336	-0.866
2019-09-24	1.224	1.224	1.610	1.190	-0.733	-0.289	0.457	-1.059	-0.396	-1.145	-0.984	-1.164
2019-09-25	1.123	1.123	1.566	0.942	-0.772	-0.743	0.321	-1.118	0.282	-1.244	-1.054	-1.084
2019-09-26	1.144	1.144	1.208	1.005	-0.962	-0.562	0.174	-0.936	-0.276	-1.027	-1.117	-0.897
2019-09-27	1.082	1.082	1.563	1.471	-0.650	-1.106	-0.405	-1.039	0.754	-1.106	-1.306	-0.902
2019-09-30	1.127	1.127	1.680	0.977	-0.510	-0.876	0.602	-1.033	0.397	-1.077	-1.150	-1.007
2019-10-01	1.171	1.171	1.450	1.362	-0.569	-0.654	0.562	-0.803	0.342	-0.888	-1.094	-1.175
2019-10-02	1.122	1.122	1.543	1.454	-0.549	-0.752	0.511	-0.839	0.355	-1.002	-1.105	-1.166
2019-10-03	1.107	1.107	1.534	1.317	-0.497	-0.547	0.569	-0.789	0.162	-0.965	-1.262	-1.170
2019-10-04	1.106	1.106	1.711	0.664	-0.641	-0.764	0.413	-1.143	0.444	-1.288	-0.845	-0.868
2019-10-07	1.484	1.484	1.695	1.206	-0.680	-0.793	0.783	-0.839	0.665	-0.911	-0.964	-1.005
2019-10-08	1.107	1.107	1.400	0.811	-0.840	-0.660	0.232	-1.127	0.346	-1.166	-0.907	-0.970
2019-10-09	1.077	1.077	1.623	0.554	-0.816	-0.446	0.324	-1.268	-0.204	-1.397	-0.809	-0.831
2019-10-10	1.159	1.159	1.526	0.942	-0.774	-0.400	0.268	-1.112	-0.168	-1.178	-0.872	-0.938
2019-10-11	1.413	1.413	1.546	1.531	-0.591	-0.337	0.772	-0.661	0.117	-0.760	-0.917	-1.243
2019-10-16	1.006	1.006	1.338	1.765	-0.426	-0.501	0.546	-0.611	0.106	-0.788	-1.289	-1.130
2019-10-17	1.235	1.235	1.377	1.650	-0.499	-0.313	0.681	-0.478	0.259	-0.652	-0.971	-1.329
2019-10-21	1.073	1.073	1.474	1.438	-0.582	-0.368	0.464	-0.849	0.097	-0.984	-1.127	-1.158
2019-10-22	1.078	1.078	1.577	1.408	-0.627	-0.511	0.437	-0.984	0.341	-1.139	-1.205	-1.082
2019-10-24	1.088	1.088	1.445	1.060	-0.652	-0.738	0.404	-0.906	0.357	-1.016	-0.839	-1.049
2019-10-25	0.866	0.866	1.201	1.783	-0.796	-0.832	0.655	-0.737	0.508	-0.750	-0.450	-1.454
2019-10-28	1.187	1.187	1.293	0.998	-0.798	-1.003	0.437	-0.888	0.658	-0.910	-0.628	-1.031
2019-11-01	1.043	1.043	1.393	0.270	-0.941	-0.530	0.076	-1.211	-0.348	-1.309	-1.194	0.000
2019-11-05	1.161	1.161	1.671	0.819	-0.798	-0.918	0.280	-1.172	0.454	-1.341	-0.756	-0.967
2019-11-06	1.254	1.254	1.330	1.278	-0.830	-0.764	0.383	-0.903	0.295	-0.925	-0.864	-1.177
2019-11-07	1.226	1.226	1.281	0.895	-0.778	-0.519	0.396	-0.771	0.177	-0.879	-0.734	-1.397
2019-11-08	1.264	1.264	1.543	1.421	-0.606	-0.567	0.599	-0.913	0.078	-0.902	-1.002	-1.169
2019-11-11	1.185	1.185	1.476	5.092	-0.859	-0.688	0.315	-1.152	0.261	-1.155	-1.462	3.549
2019-11-12	1.205	1.205	1.618	1.181	-0.780	-0.716	0.412	-1.053	0.233	-1.170	-0.890	-1.088
2019-11-13	1.167	1.167	1.533	1.013	-0.668	-0.251	0.487	-0.962	-0.282	-1.046	-1.081	-0.996
2019-11-14	1.113	1.113	1.323	0.893	-1.028	-0.653	0.223	-1.167	-0.345	-1.230	-0.731	-0.797
2019-11-18	1.108	1.108	1.493	0.690	-0.891	-1.017	0.380	-1.159	0.617	-1.280	-0.733	-0.927
2019-11-19	1.226	1.226	1.338	1.185	-1.121	-0.678	-0.248	-1.239	-0.415	-1.313	-1.385	-0.839
2019-11-21	1.144	1.144	1.311	1.540	-0.825	-0.999	0.310	-1.000	0.574	-0.942	-1.194	-1.246
2019-11-22	1.224	1.224	1.360	1.685	-0.923	-0.528	-0.402	-1.012	-0.142	-1.089	-1.529	-0.856
2019-11-25	1.063	1.063	1.509	1.073	-0.882	-0.625	0.163	-1.326	-0.404	-1.339	-1.270	-1.016
2019-11-26	1.238	1.238	1.567	0.862	-1.077	-0.635	-0.361	-1.384	-0.443	-1.463	-1.194	-0.883
2019-11-27	1.142	1.142	1.679	1.038	-0.616	-0.490	0.500	-1.130	-0.247	-1.179	-1.446	-0.964
2019-11-28	1.213	1.213	1.492	0.927	-0.830	-0.716	0.369	-1.112	-0.339	-1.041	-0.668	-0.856
2019-11-29	1.179	1.179	1.368	0.680	-1.156	-0.784	-0.139	-1.354	-0.490	-1.407	-0.695	-1.053
2019-12-02	1.145	1.145	1.242	0.975	-0.997	-0.559	0.395	-1.040	-0.231	-1.080	-0.787	-1.071
2019-12-03	1.279	1.279	1.769	0.658	-1.102	-0.643	0.109	-1.398	-0.544	-1.566	-0.780	-0.868
2019-12-04	1.274	1.274	1.777	1.144	-0.585	-0.503	0.684	-1.021	0.149	-1.082	-1.015	-1.009
2019-12-06	1.186	1.186	1.433	1.540	-0.628	-0.342	0.524	-0.766	0.159	-0.867	-0.929	-1.180
2019-12-09	1.253	1.253	1.521	1.456	-0.537	-0.747	0.745	-0.621	0.643	-0.759	-0.554	-1.124
2019-12-11	1.222	1.222	1.420	0.927	-1.033	-0.596	-0.197	-1.108	-0.439	-1.248	-1.184	-0.817
2019-12-16	1.214	1.214	1.694	0.827	-0.754	-0.466	0.401	-1.292	-0.239	-1.290	-1.234	-0.785
2019-12-18	0.907	0.907	1.396	0.973	-0.744	-0.583	0.230	-1.230	-0.162	-1.236	-1.054	-0.849
2019-12-19	1.188	1.188	1.448	1.143	-0.970	-0.556	0.204	-1.131	0.299	-1.243	-1.078	-0.899
2019-12-20	1.165	1.165	1.811	1.227	-0.580	-0.890	0.585	-1.086	0.713	-1.227	-0.813	-1.157
2019-12-23	1.210	1.210	1.591	1.218	-0.725	-0.270	0.485	-1.093	0.056	-1.075	-1.106	-0.929
2019-12-24	1.392	1.392	1.674	1.386	-0.770	-0.586	0.610	-1.014	0.403	-1.063	-0.733	-1.104
2019-12-26	1.200	1.200	1.492	1.079	-1.103	-0.640	-0.288	-1.335	-0.582	-1.398	-1.448	-0.702
2019-12-30	1.257	1.257	1.609	0.713	-0.931	-0.460	0.307	-1.271	-0.249	-1.277	-0.839	-0.730
2020-01-02	1.161	1.161	1.381	1.470	-0.599	-0.402	0.534	-0.779	0.145	-0.847	-0.842	-1.153
2020-01-06	1.191	1.191	1.676	0.243	-0.712	-0.356	0.477	-1.193	0.353	-1.131	0.000	-0.955
2020-01-07	1.114	1.114	1.368	0.644	-1.061	-0.669	0.392	-1.229	-0.338	-1.324	0.000	-0.570
2020-01-08	1.210	1.210	1.408	1.226	-0.830	-0.715	0.363	-0.807	0.413	-1.020	-0.673	-1.078
2020-01-09	1.272	1.272	1.453	1.203	-0.655	-0.508	0.606	-0.814	0.356	-0.847	-1.287	-0.908
2020-01-10	1.508	1.508	1.711	1.452	-0.903	-0.852	0.595	-1.015	0.644	-1.116	-1.390	-0.992
2020-01-13	1.189	1.189	1.406	0.812	-0.907	-0.480	0.475	-1.102	-0.367	-1.106	-0.724	-1.223
2020-01-14	1.136	1.136	1.588	0.958	-0.792	-0.555	0.328	-1.234	-0.358	-1.134	-1.158	-1.111
2020-01-15	1.177	1.177	1.413	1.220	-0.845	-0.571	0.297	-1.107	0.152	-1.111	-1.027	-1.001
2020-01-16	1.194	1.194	1.523	0.486	-1.053	-0.622	0.309	-1.351	-0.386	-1.411	-0.733	-1.004
2020-01-17	1.446	1.446	1.419	2.289	1.078	0.595	-1.444	-1.027	-0.995	-0.822	-0.675	-1.190
2020-01-20	1.286	1.286	1.693	1.655	-0.525	-0.370	0.729	-0.909	-0.085	-0.960	-1.592	-1.223
2020-01-22	1.342	1.342	1.639	1.393	-0.759	-0.617	0.526	-1.029	0.140	-1.078	-0.580	-1.180
2020-01-23	1.208	1.208	1.788	0.919	-1.146	-0.727	-0.300	-1.640	-0.672	-1.762	-1.296	-0.680
2020-01-27	1.603	1.603	1.794	1.263	-0.804	-0.723	0.650	-1.035	-0.166	-1.096	-0.907	-1.444
2020-01-29	1.317	1.317	1.461	1.212	-0.929	-1.223	0.236	-1.122	0.424	-1.091	-1.036	-1.413
2020-02-12	1.333	1.333	1.544	1.127	-1.043	-0.730	-0.177	-1.178	-0.294	-1.240	-1.123	-1.351
2020-02-14	1.386	1.386	1.402	1.505	-0.958	-0.944	0.332	-0.965	0.379	-0.930	-0.692	-1.508
2020-02-17	1.350	1.350	1.579	1.216	-0.576	-0.745	0.574	-0.882	-0.077	-0.779	-0.759	-1.296
2020-03-02	1.212	1.212	1.559	1.091	-0.593	-1.172	0.542	-0.899	0.559	-0.919	-0.698	-1.325
2020-03-03	1.243	1.243	1.604	1.568	-0.532	-0.910	0.571	-0.815	0.195	-0.870	-1.085	-1.561
2020-03-04	1.335	1.335	1.968	0.743	-0.756	-0.873	0.478	-1.350	-0.271	-1.400	-0.795	-1.154
2020-03-05	1.139	1.139	1.794	0.638	-0.996	-0.740	0.155	-1.386	-0.559	-1.538	-0.648	-0.955
2020-03-06	1.137	1.137	1.429	1.192	-0.999	-1.235	0.115	-1.063	0.416	-1.179	-1.152	-1.319
2020-03-11	1.248	1.248	1.248	1.959	-0.887	-0.416	0.360	-0.742	-0.285	-0.818	-1.385	-1.556
2020-03-12	1.194	1.194	1.376	1.290	-0.878	-0.709	0.316	-0.988	0.149	-1.056	-1.168	-1.111
2020-03-13	1.202	1.202	1.314	1.173	-1.193	-0.781	0.080	-1.269	-0.402	-1.227	-0.965	-1.108
2020-03-14	0.895	0.895	1.357	0.266	-0.988	-1.056	-0.334	-1.627	-0.802	-1.614	-1.241	-0.988
2020-03-16	1.182	1.182	1.182	1.643	-0.921	-0.787	0.469	-0.919	0.175	-0.579	-0.659	-1.515
2020-03-17	1.351	1.351	1.538	1.542	-0.842	-1.123	0.336	-0.977	0.525	-0.911	-1.082	-1.655
2020-03-18	1.118	1.118	1.204	1.781	-0.802	-1.139	0.305	-0.847	0.591	-0.883	-1.290	-1.826
2020-03-19	1.213	1.213	1.577	1.516	-0.421	-1.023	0.820	-0.674	0.375	-0.647	-0.969	-1.440
2020-03-20	1.274	1.274	1.468	1.148	-0.659	-1.123	0.510	-0.807	0.478	-0.769	-1.041	-1.274
2020-03-23	1.156	1.156	1.278	1.568	-0.607	-0.996	0.544	-0.614	0.442	-0.570	-1.135	-1.371
2020-04-02	1.258	1.258	1.226	1.186	-1.064	-0.629	0.244	-1.019	-0.212	-0.932	-1.028	-1.133
2020-04-03	1.084	1.084	1.300	0.737	-1.043	-1.102	-0.120	-1.182	-0.579	-1.171	-1.602	-1.141
2020-04-06	1.210	1.210	1.210	1.496	-0.914	-0.842	0.272	-0.716	0.317	-0.725	-1.181	-1.444
2020-04-07	1.155	1.155	1.439	1.440	-0.565	-0.962	0.536	-0.762	0.403	-0.695	-1.034	-1.481
2020-04-08	1.094	1.094	1.254	1.197	-0.944	-0.888	0.130	-0.976	-0.298	-0.909	-1.281	-1.300
2020-04-13	1.114	1.114	1.486	2.092	-0.412	-0.613	0.698	-0.740	0.331	-0.747	-1.305	-1.638
2020-04-14	1.195	1.195	1.496	1.153	-0.562	-1.503	0.566	-0.808	0.816	-0.793	-0.982	-1.288
2020-04-15	1.241	1.241	1.484	1.236	-0.766	-1.258	-0.314	-1.023	0.465	-1.028	-1.140	-1.273
2020-04-16	1.358	1.358	1.668	1.400	-0.549	-1.465	0.650	-0.881	0.760	-0.765	-0.814	-1.423
2020-04-17	1.567	1.567	1.687	0.491	-0.985	-1.040	0.505	-1.110	0.466	-1.143	-1.268	-0.932
2020-04-20	1.222	1.222	1.408	1.112	-0.557	-0.961	0.623	-0.664	0.293	-0.736	-1.031	-1.122
2020-04-22	1.146	1.146	1.291	1.359	-0.767	-0.924	0.373	-0.889	0.473	-0.899	-1.427	-1.184
2020-04-23	1.073	1.073	1.428	1.481	-0.520	-1.004	0.530	-0.798	0.383	-0.846	-1.242	-1.413
2020-04-24	1.116	1.116	1.591	1.679	-0.625	-0.754	0.489	-1.049	0.021	-0.987	-1.301	-1.198
2020-04-27	1.245	1.245	1.348	1.863	-0.731	-1.417	-0.579	-0.896	0.791	-0.766	-1.469	-1.311
2020-04-28	1.123	1.123	1.468	1.590	-0.728	-0.941	0.389	-0.965	0.423	-0.886	-1.187	-1.304
2020-04-29	1.068	1.068	1.423	1.543	-0.595	-0.654	0.466	-0.916	0.155	-0.924	-1.360	-1.390
2020-05-04	1.169	1.169	1.746	1.786	-0.254	-0.732	0.856	-0.826	-0.200	-0.795	-1.189	-1.708
2020-05-05	1.213	1.213	1.578	1.109	-0.574	-0.578	0.614	-0.840	-0.133	-0.861	-0.889	-1.376
2020-05-06	1.221	1.221	1.475	1.720	-0.420	-0.778	0.600	-0.687	0.063	-0.800	-1.363	-1.568
2020-05-07	1.245	1.245	1.370	1.525	-0.589	-1.365	0.538	-0.754	0.623	-0.740	-0.954	-1.372
2020-05-12	1.211	1.211	1.639	1.728	-0.315	-1.089	0.770	-0.795	0.368	-0.720	-1.125	-1.585
2020-05-13	1.275	1.275	1.561	0.981	-0.653	-1.201	0.461	-1.019	0.510	-1.068	-1.033	-1.135
2020-05-14	1.377	1.377	1.388	1.106	-1.060	-1.194	0.429	-0.844	0.602	-0.884	-0.646	-1.269
2020-05-18	1.449	1.449	1.449	1.652	-0.558	-1.935	0.724	-0.554	1.149	-0.416	-1.102	-1.581
2020-05-19	1.219	1.219	1.306	1.747	-0.437	-0.307	0.664	-0.628	0.373	-0.546	-1.163	-1.572
2020-05-20	1.200	1.200	1.414	1.683	-0.446	-0.110	0.636	-0.605	-0.640	-0.665	-1.096	-1.620
2020-05-21	1.065	1.065	1.403	1.808	-0.258	-1.526	0.702	-0.529	0.956	-0.683	-1.491	-1.579
2020-05-22	2.440	2.440	2.440	1.729	-0.959	-0.553	-1.471	1.328	-0.542	0.766	-0.396	-0.892
2020-05-25	1.377	1.377	1.401	2.503	0.498	-1.010	1.202	0.573	0.638	0.351	-1.410	-1.716
2020-05-26	1.219	1.219	1.734	1.465	-0.351	-0.266	0.726	-0.893	-0.558	-0.821	-1.137	-1.425
2020-05-27	1.428	1.428	1.729	1.330	-0.500	-0.464	0.716	-0.878	-0.316	-0.851	-1.044	-1.498
2020-05-28	1.217	1.217	1.587	2.155	-0.322	-0.374	0.809	-0.499	0.558	-0.565	-0.931	-1.957
2020-05-29	1.353	1.353	1.779	1.187	-0.446	-0.299	0.780	-0.763	-0.567	-0.907	-0.795	-1.347
2020-06-01	1.200	1.200	1.373	1.605	-0.829	-0.379	0.365	-0.922	-0.862	-0.851	-1.229	-1.688
2020-06-02	1.152	1.152	1.516	1.334	-0.363	-0.502	0.647	-0.749	0.161	-0.643	-0.977	-1.483
2020-06-03	1.296	1.296	1.541	1.400	-0.331	-0.702	0.795	-0.679	0.246	-0.570	-0.895	-1.478
2020-06-04	1.195	1.195	1.508	0.931	-0.628	-0.694	0.788	-0.701	0.309	-0.603	-0.611	-1.011
2020-06-08	1.312	1.312	1.598	1.056	-0.896	-1.231	0.269	-1.203	0.563	-1.153	-1.363	-1.263
2020-06-09	1.157	1.157	1.516	2.445	-0.443	0.387	1.092	-0.447	0.780	-0.351	-1.141	-2.248
2020-06-10	1.228	1.228	1.300	1.324	-0.507	-1.024	0.585	-0.654	0.430	-0.544	-1.102	-1.455
2020-06-11	1.362	1.362	1.362	0.892	-1.263	-0.800	-0.109	-1.274	0.249	-1.276	-0.855	-0.789
2020-06-12	1.254	1.254	1.381	1.577	-0.527	-0.540	0.527	-0.747	0.214	-0.454	-1.397	-1.436
2020-06-15	1.311	1.311	1.321	1.110	-0.513	-0.543	0.630	-0.586	0.070	-0.543	-1.161	-1.253
2020-06-17	1.294	1.294	1.503	1.493	-0.528	-0.597	0.853	-0.637	0.418	-0.567	-1.120	-1.555
2020-06-19	1.394	1.394	1.520	1.583	-0.506	-0.634	0.633	-0.693	0.254	-0.666	-1.182	-1.605
2020-06-22	1.366	1.366	1.366	1.337	-0.801	-1.469	0.431	-0.702	0.756	-0.672	-1.377	-1.279
2020-06-23	1.334	1.334	1.421	1.124	-0.640	-0.280	0.539	-0.833	-0.336	-0.748	-1.129	-1.366
2020-06-24	1.123	1.123	1.456	1.006	-0.520	-0.518	0.560	-0.694	-0.129	-0.814	-0.978	-1.367
2020-06-25	1.217	1.217	1.417	1.325	-0.409	-0.520	0.701	-0.646	0.151	-0.588	-0.977	-1.286
2020-06-26	1.316	1.316	1.324	1.295	-0.626	-0.494	0.600	-0.653	0.121	-0.582	-0.783	-1.395
2020-06-30	1.431	1.431	1.431	1.316	-0.564	-0.943	0.577	-0.617	0.428	-0.612	-1.036	-1.469
2020-07-01	1.331	1.331	1.546	0.154	-0.691	-0.591	0.490	-1.007	0.116	-0.947	0.000	-0.637
2020-07-02	1.284	1.284	1.632	1.432	-0.436	-0.590	0.767	-0.688	0.173	-0.698	-0.920	-1.485
2020-07-03	1.182	1.182	1.661	1.054	-0.655	-0.594	0.520	-1.022	0.139	-1.117	-1.100	-1.211
2020-07-06	1.303	1.303	1.396	0.614	-0.744	-0.328	0.413	-0.743	-0.275	-0.855	-0.519	-0.720
2020-07-07	1.144	1.144	1.406	0.802	-0.517	-0.437	0.686	-0.662	0.390	-0.676	-0.162	-0.665
2020-07-08	1.048	1.048	1.202	0.971	-0.772	-0.402	0.343	-0.892	-0.358	-0.930	-0.555	-0.829
2020-07-10	1.077	1.077	1.648	0.611	-0.540	-0.202	0.526	-1.111	-0.104	-1.115	-0.532	-0.605
2020-07-16	1.121	1.121	1.349	0.640	-1.069	-0.588	0.062	-1.279	-0.235	-1.209	-0.723	-0.649
2020-07-17	1.072	1.072	1.255	1.141	-0.603	-0.250	0.455	-0.768	0.083	-0.783	-0.786	-0.905
2020-07-20	1.210	1.210	1.271	0.907	-0.604	-0.322	0.584	-0.617	0.090	-0.659	-0.854	-0.555
2020-07-21	1.075	1.075	1.570	2.926	-0.573	0.184	0.502	-0.975	-0.399	-0.959	-1.909	0.866
2020-07-22	1.150	1.150	1.440	1.093	-0.474	-0.669	0.640	-0.796	0.451	-0.738	-0.661	-0.919
2020-07-24	0.625	0.625	0.802	0.693	-0.711	-0.540	-0.603	-0.604	-0.573	-0.474	-0.536	-0.660
2020-07-28	1.132	1.132	1.631	0.999	-0.388	-1.164	0.737	-0.823	0.867	-0.892	-0.682	-0.910
2020-07-30	1.088	1.088	1.591	0.535	-0.707	-0.366	0.378	-0.965	-0.136	-1.196	-0.406	-0.684
2020-07-31	1.248	1.248	1.648	0.696	-0.766	-0.551	0.474	-1.053	0.423	-1.167	-0.673	-0.709
2020-08-01	1.094	1.094	1.641	0.906	-0.563	-0.532	0.524	-1.117	0.171	-1.064	-0.527	-1.063
2020-08-03	1.094	1.094	1.641	0.906	-0.563	-0.532	0.524	-1.117	0.171	-1.064	-0.527	-1.063
2020-08-04	1.163	1.163	1.528	0.956	-0.649	-0.473	0.509	-0.984	0.289	-0.996	-0.184	-0.809
2020-08-05	1.150	1.150	1.428	0.802	-0.757	-0.555	0.391	-1.011	0.211	-1.068	-0.458	-0.709
2020-08-06	1.193	1.193	1.520	1.043	-0.624	-0.385	0.568	-0.850	0.226	-0.936	-0.420	-0.831
2020-08-07	1.211	1.211	1.603	1.167	-0.713	-0.315	0.422	-0.937	-0.064	-1.066	-0.319	-1.002
2020-08-10	1.187	1.187	1.337	1.218	-0.401	-0.238	0.761	-0.563	0.317	-0.568	-0.474	-0.999
2020-08-11	1.143	1.143	1.829	0.964	-0.570	-0.159	0.640	-0.974	-0.226	-1.170	-0.612	-0.920
2020-08-12	1.180	1.180	1.753	1.506	-0.408	0.118	0.899	-0.731	0.174	-0.837	-0.384	-1.064
2020-08-13	1.166	1.166	1.612	1.229	-0.581	-0.272	0.578	-0.872	0.247	-1.033	-1.065	-0.944
2020-08-14	1.251	1.251	1.577	1.456	-0.465	0.187	0.787	-0.781	-0.200	-0.749	-0.583	-1.062
2020-08-17	1.253	1.253	1.825	1.516	-0.537	-0.605	1.062	-0.727	0.335	-0.754	0.314	-1.070
2020-08-18	1.138	1.138	1.624	1.091	-0.142	-0.586	0.981	-0.553	0.418	-0.628	-0.535	-0.970
2020-08-19	1.160	1.160	1.242	0.870	-0.491	-0.408	0.660	-0.418	0.303	-0.521	-0.419	-0.815
2020-08-20	1.126	1.126	1.371	1.174	-0.534	-0.318	0.585	-0.770	0.224	-0.770	-0.598	-0.917
2020-08-21	1.083	1.083	1.657	1.302	-0.757	-0.542	0.744	-0.844	0.291	-0.911	-0.445	-1.100
2020-08-24	1.091	1.091	1.367	1.555	-0.135	-0.709	1.061	-0.218	0.507	-0.316	-0.633	-1.170
2020-08-25	1.171	1.171	1.500	1.511	-0.525	-0.525	0.631	-0.805	0.385	-0.864	-1.091	-1.035
2020-08-26	1.197	1.197	1.605	0.711	-0.867	-0.691	0.291	-1.151	0.252	-1.283	-0.743	-0.720
2020-08-27	1.160	1.160	1.475	0.587	-0.819	-0.472	0.335	-1.137	0.199	-1.102	-0.766	-0.643
